%  columns="iteration, evaluation, sigma, axis ratio, bestever, best, median, worst fitness function value, further objective values of best" (startseed=210461, 2015/05/9 19:27:29.62)
1 13 2.242529e+01 2.435088e+03  1.143042347888174800e-04  1.143042347888174800e-04                       Inf                       Inf
2 25 2.108046e+01 2.425367e+03  1.143042347888174800e-04  1.178412074209436100e-04  2.356246858698142100e-04                       Inf
3 37 2.064970e+01 2.453704e+03  1.143042347888174800e-04  1.150117139807770300e-04  1.803709794624406900e-04                       Inf
4 49 2.058945e+01 2.480463e+03  1.143042347888174800e-04  1.306309203599343300e-04  1.931808607961594900e-04                       Inf
5 61 1.985590e+01 2.517487e+03  1.137633778680018600e-04  1.137633778680018600e-04  1.903492151639807900e-04                       Inf
6 73 1.964218e+01 2.521443e+03  1.137633778680018600e-04  1.183392564555888100e-04  1.699769317948861100e-04                       Inf
7 85 1.886961e+01 2.527174e+03  1.137633778680018600e-04  1.142123296361694900e-04  1.309032286053004600e-04  2.793711409216677700e-04
8 97 1.828904e+01 2.522280e+03  1.137633778680018600e-04  1.161007779180370600e-04  1.402686331888356500e-04                       Inf
9 109 1.819152e+01 2.546277e+03  1.137633778680018600e-04  1.144620789487282000e-04  1.403568690589971900e-04  1.754653811876040300e-04
10 121 1.730576e+01 2.557873e+03  1.117643941993081700e-04  1.117643941993081700e-04  1.483423793563361500e-04                       Inf
11 133 1.714743e+01 2.616370e+03  1.117643941993081700e-04  1.174597148714974500e-04  1.430640010599363600e-04  2.074649701520777400e-04
12 145 1.671838e+01 2.626119e+03  1.117643941993081700e-04  1.120477674641625800e-04  1.270114422436936600e-04                       Inf
13 157 1.610704e+01 2.665695e+03  1.117643941993081700e-04  1.122469846873375000e-04  1.278986814571307000e-04                       Inf
14 169 1.550634e+01 2.684596e+03  1.113567598317281000e-04  1.113567598317281000e-04  1.389168147093350900e-04                       Inf
15 181 1.543752e+01 2.765781e+03  1.113567598317281000e-04  1.133107110094684500e-04  1.229059494577934500e-04                       Inf
16 193 1.521855e+01 2.792715e+03  1.113567598317281000e-04  1.138097994497022300e-04  1.254742372386258400e-04  1.900414521164297200e-04
17 205 1.572076e+01 2.821316e+03  1.113567598317281000e-04  1.186914513048162800e-04  1.368756525825254100e-04                       Inf
18 217 1.575892e+01 2.846962e+03  1.113567598317281000e-04  1.160959125899716000e-04  1.291281454074342000e-04                       Inf
19 229 1.575257e+01 2.941158e+03  1.113567598317281000e-04  1.129642269808772100e-04  1.363967641919039600e-04                       Inf
20 241 1.576817e+01 2.985229e+03  1.113567598317281000e-04  1.171491094285569100e-04  1.326587290322322200e-04                       Inf
21 253 1.555043e+01 3.096209e+03  1.113567598317281000e-04  1.158725258135614100e-04  1.293395226324750500e-04                       Inf
22 265 1.497862e+01 3.077058e+03  1.113567598317281000e-04  1.133826376469945900e-04  1.287362295599310200e-04  1.416031365331606100e-04
23 277 1.455360e+01 3.128736e+03  1.113567598317281000e-04  1.169815089366849500e-04  1.233862823681125500e-04  1.693986242194173900e-04
24 289 1.428885e+01 3.104021e+03  1.113567598317281000e-04  1.149252667028675800e-04  1.287529069762046300e-04                       Inf
25 301 1.386506e+01 3.133195e+03  1.113567598317281000e-04  1.145710664858230600e-04  1.409156613984330700e-04                       Inf
26 313 1.318661e+01 3.154580e+03  1.113567598317281000e-04  1.139953120432932300e-04  1.274512044070798800e-04  1.548090095918396700e-04
27 325 1.277358e+01 3.153790e+03  1.113567598317281000e-04  1.136909494698492900e-04  1.192875323157812800e-04                       Inf
28 337 1.281357e+01 3.207478e+03  1.113567598317281000e-04  1.135294237815728400e-04  1.206344844990729400e-04  1.540086577047215200e-04
29 349 1.364103e+01 3.253681e+03  1.113567598317281000e-04  1.115514073480620600e-04  1.188910629661902200e-04  1.440141267180187400e-04
30 361 1.467950e+01 3.334988e+03  1.113567598317281000e-04  1.124192283999898500e-04  1.325874063321532900e-04                       Inf
31 373 1.524892e+01 3.359833e+03  1.113567598317281000e-04  1.123126241215016600e-04  1.201285192006699200e-04                       Inf
32 385 1.557607e+01 3.453072e+03  1.113567598317281000e-04  1.146589389843779900e-04  1.244213934209892700e-04  1.480905862514531700e-04
33 397 1.580656e+01 3.472188e+03  1.113567598317281000e-04  1.151408627932960400e-04  1.212434108943565600e-04                       Inf
34 409 1.656656e+01 3.530012e+03  1.113567598317281000e-04  1.146643461915604200e-04  1.265360228866084700e-04                       Inf
35 421 1.663041e+01 3.590075e+03  1.113567598317281000e-04  1.122635716041159300e-04  1.347118104626987200e-04                       Inf
36 433 1.621145e+01 3.649102e+03  1.113567598317281000e-04  1.121240415373211800e-04  1.214813138875202800e-04                       Inf
37 445 1.618391e+01 3.753272e+03  1.113567598317281000e-04  1.124942920376614100e-04  1.197286569625201300e-04                       Inf
38 457 1.531601e+01 3.819203e+03  1.113567598317281000e-04  1.115410020265576000e-04  1.219866940196716100e-04                       Inf
39 469 1.451239e+01 3.829340e+03  1.113567598317281000e-04  1.127180464216547000e-04  1.204431507122708100e-04  1.415781175550890700e-04
40 481 1.434026e+01 3.939946e+03  1.113567598317281000e-04  1.150744113891206100e-04  1.257380166717616500e-04  1.453690124612017300e-04
41 493 1.420383e+01 4.025430e+03  1.113567598317281000e-04  1.133431305423552900e-04  1.303058974018242900e-04  1.618842147466101100e-04
42 505 1.413788e+01 4.040714e+03  1.113567598317281000e-04  1.120342203647141100e-04  1.182127334320375400e-04  1.319612393335930800e-04
43 517 1.369494e+01 4.077259e+03  1.113567598317281000e-04  1.121796931712072800e-04  1.156663565084349700e-04  1.342210298267175300e-04
44 529 1.389136e+01 4.104380e+03  1.113567598317281000e-04  1.115173086248818300e-04  1.191245148500765300e-04  1.394014885910745200e-04
45 541 1.446890e+01 4.174734e+03  1.113567598317281000e-04  1.144560112178761200e-04  1.234264885818885400e-04  1.368793804406127300e-04
46 553 1.410070e+01 4.236977e+03  1.113567598317281000e-04  1.134073629195697400e-04  1.237163486274039700e-04  1.399208500409163500e-04
47 565 1.452808e+01 4.292494e+03  1.113567598317281000e-04  1.138692279127096400e-04  1.166592285928345700e-04  1.282778102170085200e-04
48 577 1.510218e+01 4.323078e+03  1.113567598317281000e-04  1.122962599145931400e-04  1.223778672720197000e-04  1.820515097409763100e-04
49 589 1.577378e+01 4.380349e+03  1.113567598317281000e-04  1.132889851822239700e-04  1.203658300171951600e-04  1.333674351037131100e-04
50 601 1.582528e+01 4.416876e+03  1.113567598317281000e-04  1.127752424569505400e-04  1.234600309160384900e-04  1.351627832223091700e-04
51 613 1.573339e+01 4.465525e+03  1.113567598317281000e-04  1.122059437894362500e-04  1.255407577512318200e-04                       Inf
52 625 1.544891e+01 4.520398e+03  1.113567598317281000e-04  1.185769138929134100e-04  1.238926706635917000e-04  1.552384973580592000e-04
53 637 1.503603e+01 4.561610e+03  1.113567598317281000e-04  1.129666623664132100e-04  1.240267153922126800e-04                       Inf
54 649 1.549410e+01 4.612379e+03  1.113567598317281000e-04  1.130287564535996200e-04  1.164811946655122600e-04                       Inf
55 661 1.604298e+01 4.715131e+03  1.113567598317281000e-04  1.126094140214861300e-04  1.201910246675565100e-04  1.479000478658717700e-04
56 673 1.676923e+01 4.726618e+03  1.113567598317281000e-04  1.128457408195815400e-04  1.206362456230858600e-04  1.496426381715257800e-04
57 685 1.764153e+01 4.859959e+03  1.113567598317281000e-04  1.124403012750610900e-04  1.189631445423163000e-04  1.319336830822652700e-04
58 697 1.763512e+01 4.898270e+03  1.113567598317281000e-04  1.132975267314379600e-04  1.271367116079743900e-04  1.380237487427451600e-04
59 709 1.696396e+01 4.952482e+03  1.113567598317281000e-04  1.140416698324747500e-04  1.207770753623166100e-04  1.323200046436401100e-04
60 721 1.636741e+01 4.964538e+03  1.113567598317281000e-04  1.113796943859973600e-04  1.264308246262183500e-04  1.542375483132958800e-04
61 733 1.657877e+01 5.011271e+03  1.113567598317281000e-04  1.131610220130430900e-04  1.185906681812156500e-04                       Inf
62 745 1.658757e+01 5.049124e+03  1.113567598317281000e-04  1.136457821872899700e-04  1.206031587123751900e-04                       Inf
63 757 1.627790e+01 5.092597e+03  1.113567598317281000e-04  1.143307326278461500e-04  1.195628018267615900e-04  1.293178270272331500e-04
64 769 1.607746e+01 5.131399e+03  1.113554189551595400e-04  1.113554189551595400e-04  1.203301094615234400e-04  1.308455299833325700e-04
65 781 1.537178e+01 5.116770e+03  1.113554189551595400e-04  1.129764015695960100e-04  1.149324122448009800e-04                       Inf
66 793 1.512758e+01 5.205676e+03  1.109516011275003900e-04  1.109516011275003900e-04  1.224940927662322600e-04                       Inf
67 805 1.444567e+01 5.331602e+03  1.109516011275003900e-04  1.139415612202267800e-04  1.209858121824628000e-04                       Inf
68 817 1.367935e+01 5.417348e+03  1.109516011275003900e-04  1.144302193903740300e-04  1.161669761083887100e-04  1.261048714562368000e-04
69 829 1.290714e+01 5.523634e+03  1.109516011275003900e-04  1.122999270930365900e-04  1.193612895652987800e-04                       Inf
70 841 1.260552e+01 5.676643e+03  1.109516011275003900e-04  1.118328648418417900e-04  1.173759233286363500e-04                       Inf
71 853 1.164924e+01 5.757265e+03  1.109516011275003900e-04  1.129389052163147800e-04  1.170226226225830900e-04  1.371753075949606700e-04
72 865 1.100345e+01 5.796144e+03  1.109516011275003900e-04  1.127855406004938900e-04  1.162700564655257700e-04  1.228752176647077600e-04
73 877 1.018047e+01 5.901511e+03  1.109516011275003900e-04  1.117868740596895000e-04  1.147173572603534500e-04  1.214494253673163600e-04
74 889 9.655718e+00 6.017296e+03  1.109516011275003900e-04  1.121231327224904100e-04  1.160636654968133000e-04                       Inf
75 901 9.956529e+00 6.259886e+03  1.109516011275003900e-04  1.115377065729929700e-04  1.160439398014459100e-04  1.191185564738020200e-04
76 913 9.609904e+00 6.329869e+03  1.109516011275003900e-04  1.123524582053714600e-04  1.143845321659392800e-04                       Inf
77 925 9.351911e+00 6.384696e+03  1.109516011275003900e-04  1.113641958396309300e-04  1.154571100686811600e-04                       Inf
78 937 9.049261e+00 6.487582e+03  1.109516011275003900e-04  1.113343519118565600e-04  1.129713031573475600e-04  1.155607757555055300e-04
79 949 8.700675e+00 6.564136e+03  1.109516011275003900e-04  1.115961961977995400e-04  1.130935464479552000e-04  1.207122392109141300e-04
80 961 8.879365e+00 6.817589e+03  1.109516011275003900e-04  1.119933976488986100e-04  1.154333045984177400e-04  1.197787098513522400e-04
81 973 9.263114e+00 6.989283e+03  1.109516011275003900e-04  1.123737313906119800e-04  1.134460948331829000e-04  1.169400340429405600e-04
82 985 9.256778e+00 7.102745e+03  1.109516011275003900e-04  1.113839034247207100e-04  1.156404495202308000e-04  1.227018956350094200e-04
83 997 9.129927e+00 7.237999e+03  1.109516011275003900e-04  1.113568024388799100e-04  1.133636794318491100e-04  1.200727613335331200e-04
84 1009 8.752645e+00 7.260289e+03  1.109516011275003900e-04  1.121039790936649800e-04  1.138817417000110600e-04  1.178649429799905800e-04
85 1021 8.099850e+00 7.384643e+03  1.109516011275003900e-04  1.124458613200078100e-04  1.140770916426494100e-04  1.170616321094143100e-04
86 1033 7.541284e+00 7.450038e+03  1.109516011275003900e-04  1.126116704802489800e-04  1.136774590712457400e-04  1.151373531802107800e-04
87 1045 7.234253e+00 7.577898e+03  1.109516011275003900e-04  1.116506153208222500e-04  1.128863387092061100e-04  1.145909415094681700e-04
88 1057 6.946843e+00 7.786164e+03  1.109516011275003900e-04  1.115216718960037800e-04  1.128348094397141700e-04  1.189170478268605300e-04
89 1069 6.786609e+00 7.845750e+03  1.109516011275003900e-04  1.110561344603179200e-04  1.123481014658888200e-04                       Inf
90 1081 6.780111e+00 7.984636e+03  1.109516011275003900e-04  1.112511412446608700e-04  1.132350566762934800e-04  1.154985856662176700e-04
91 1093 6.465142e+00 8.083385e+03  1.109516011275003900e-04  1.114422643130289500e-04  1.134140588184006900e-04  1.162436516214436300e-04
92 1105 6.223232e+00 8.209452e+03  1.109516011275003900e-04  1.118229876698511100e-04  1.133497666375886500e-04  1.166897250010920100e-04
93 1117 5.974869e+00 8.257559e+03  1.109516011275003900e-04  1.113763598679997900e-04  1.126100484918324200e-04  1.154775334866070400e-04
94 1129 5.782120e+00 8.337254e+03  1.109516011275003900e-04  1.112788389587427200e-04  1.127876742128501000e-04  1.150545128172065600e-04
95 1141 5.443631e+00 8.458671e+03  1.109516011275003900e-04  1.112649400986143500e-04  1.126738698222202600e-04  1.148669222155818100e-04
96 1153 5.202034e+00 8.556030e+03  1.109516011275003900e-04  1.118352953715389200e-04  1.126947274862575000e-04  1.148561647719862700e-04
97 1165 4.991604e+00 8.653957e+03  1.109516011275003900e-04  1.113312487264825500e-04  1.130599021646831700e-04  1.146605215733871600e-04
98 1177 4.801848e+00 8.974358e+03  1.109516011275003900e-04  1.113747740210141700e-04  1.124106506031539800e-04  1.146996670838389400e-04
99 1189 4.631256e+00 9.200036e+03  1.109516011275003900e-04  1.109603352467694500e-04  1.119873969776991500e-04  1.130693267729415900e-04
100 1201 4.414104e+00 9.290289e+03  1.109516011275003900e-04  1.112020142057882400e-04  1.117683614917539200e-04  1.133019606967103100e-04
101 1213 4.319972e+00 9.453282e+03  1.109293958076904000e-04  1.109293958076904000e-04  1.118868850618490100e-04  1.145300063539674000e-04
102 1225 4.365754e+00 9.908192e+03  1.109293958076904000e-04  1.110983731850793000e-04  1.121272316120469600e-04  1.144476162944750400e-04
103 1237 4.439184e+00 1.019596e+04  1.109293958076904000e-04  1.114426533617285400e-04  1.127798868504609900e-04  1.155658250271882600e-04
104 1249 4.454788e+00 1.045068e+04  1.109293958076904000e-04  1.112172648537225600e-04  1.128112150027460900e-04  1.150044847355120800e-04
105 1261 4.531399e+00 1.061093e+04  1.109293958076904000e-04  1.113695924635693200e-04  1.122045794250377100e-04  1.135531131348304700e-04
106 1273 4.639617e+00 1.068541e+04  1.109293958076904000e-04  1.110475545224117600e-04  1.121306733132004700e-04  1.137563784506538300e-04
107 1285 4.772832e+00 1.080199e+04  1.109293958076904000e-04  1.109548343415689900e-04  1.125530797840556100e-04  1.138235165879231000e-04
108 1297 4.803092e+00 1.113308e+04  1.109293958076904000e-04  1.110878193551989400e-04  1.122373407225932600e-04  1.148324338237836900e-04
109 1309 4.820685e+00 1.129706e+04  1.109293958076904000e-04  1.111865313980369600e-04  1.121722366583800000e-04  1.132881856292504900e-04
110 1321 5.038592e+00 1.178670e+04  1.109205940757780700e-04  1.109205940757780700e-04  1.124322624668831700e-04  1.148461230986544300e-04
111 1333 5.306973e+00 1.199185e+04  1.109205940757780700e-04  1.112847033957864400e-04  1.122613651462327500e-04  1.129732024994014500e-04
112 1345 5.412229e+00 1.218277e+04  1.109205940757780700e-04  1.109279552824455600e-04  1.123291502570690400e-04  1.133477074843804300e-04
113 1357 5.445099e+00 1.234436e+04  1.109205940757780700e-04  1.114881353736481900e-04  1.121113851444992900e-04  1.149789690865005900e-04
114 1369 5.365241e+00 1.254911e+04  1.109205940757780700e-04  1.112644674709509600e-04  1.119359070680420200e-04                       Inf
115 1381 5.458617e+00 1.276705e+04  1.109205940757780700e-04  1.109850631679842900e-04  1.121691546258088400e-04                       Inf
116 1393 5.503463e+00 1.268859e+04  1.109205940757780700e-04  1.114326075355642300e-04  1.118369687870888300e-04  1.125536816812161000e-04
117 1405 5.514801e+00 1.278986e+04  1.109205940757780700e-04  1.112809807154583900e-04  1.119146296884634700e-04                       Inf
118 1417 5.535027e+00 1.289965e+04  1.109205940757780700e-04  1.110129447249503100e-04  1.118522628885411900e-04                       Inf
119 1429 5.605027e+00 1.327094e+04  1.109205940757780700e-04  1.111192410593796400e-04  1.123253114099086100e-04                       Inf
120 1441 5.625628e+00 1.364230e+04  1.109205940757780700e-04  1.109988565146740200e-04  1.118849454761523400e-04  1.146541022247966000e-04
121 1453 5.551473e+00 1.394517e+04  1.109032665760302600e-04  1.109032665760302600e-04  1.119378914032980000e-04  1.139901067720245200e-04
122 1465 5.350489e+00 1.410907e+04  1.109032665760302600e-04  1.112506661950135600e-04  1.122884514686283700e-04                       Inf
123 1477 5.385623e+00 1.434872e+04  1.109032665760302600e-04  1.111898878139640800e-04  1.119881631705011800e-04  1.136276854156442200e-04
124 1489 5.504171e+00 1.454654e+04  1.109032665760302600e-04  1.112971523071375300e-04  1.120273178884578000e-04  1.128503418926542200e-04
125 1501 5.664612e+00 1.467989e+04  1.109032665760302600e-04  1.110011135566640900e-04  1.119411347141060900e-04  1.133166960218799000e-04
126 1513 5.564388e+00 1.485258e+04  1.109032665760302600e-04  1.111665243607648100e-04  1.119810049258983800e-04  1.131791579862205100e-04
127 1525 5.617258e+00 1.493008e+04  1.109032665760302600e-04  1.115113028789958100e-04  1.120974473897412400e-04  1.131687024089194100e-04
128 1537 5.563697e+00 1.488735e+04  1.109032665760302600e-04  1.109598706196977900e-04  1.124660684433080700e-04  1.135604085326835400e-04
129 1549 5.644969e+00 1.494344e+04  1.109032665760302600e-04  1.109491483803022400e-04  1.126642425435303800e-04  1.136440671633927400e-04
130 1561 5.701030e+00 1.511506e+04  1.109032665760302600e-04  1.110765562233472400e-04  1.115032273435943600e-04  1.145124707934990900e-04
131 1573 5.945612e+00 1.551413e+04  1.109032665760302600e-04  1.115045698854696600e-04  1.125997805067087900e-04  1.138050654702496500e-04
132 1585 6.195240e+00 1.599243e+04  1.109032665760302600e-04  1.112667023081158700e-04  1.118153260102971800e-04  1.131865647121107000e-04
133 1597 6.322848e+00 1.631947e+04  1.109032665760302600e-04  1.112931755332412000e-04  1.122889657059398200e-04  1.136078852274061900e-04
134 1609 6.271108e+00 1.669340e+04  1.109032665760302600e-04  1.114126149075654400e-04  1.119851713210577800e-04  1.139899047152975500e-04
135 1621 6.083329e+00 1.727950e+04  1.109032665760302600e-04  1.111035793646411800e-04  1.118907849858339700e-04  1.140898209025414800e-04
136 1633 5.918277e+00 1.752396e+04  1.109032665760302600e-04  1.111747614023495800e-04  1.119963790443150400e-04  1.135265929260986200e-04
137 1645 5.655787e+00 1.791162e+04  1.109032665760302600e-04  1.114552002319004300e-04  1.123147369576920000e-04  1.134104250249423200e-04
138 1657 5.513209e+00 1.829843e+04  1.109032665760302600e-04  1.114630166228746100e-04  1.123133101145179200e-04  1.133175194135503500e-04
139 1669 5.439553e+00 1.850190e+04  1.109032665760302600e-04  1.110083548196245200e-04  1.120095108476190000e-04  1.137042004893348300e-04
140 1681 5.321549e+00 1.863981e+04  1.109032665760302600e-04  1.112418542435222900e-04  1.116618900062032300e-04  1.122150556948993700e-04
141 1693 5.352707e+00 1.902470e+04  1.109032665760302600e-04  1.110889006558128900e-04  1.116126278901536900e-04  1.132303551268399700e-04
142 1705 5.397371e+00 1.932097e+04  1.109032665760302600e-04  1.111740197248384500e-04  1.119563104849206800e-04  1.129175306063136600e-04
143 1717 5.466066e+00 1.992706e+04  1.109032665760302600e-04  1.111952859912115600e-04  1.117993883261861500e-04  1.128989871373409200e-04
144 1729 5.494379e+00 2.000111e+04  1.109004328589734200e-04  1.109004328589734200e-04  1.116579722072562100e-04  1.126090315893668000e-04
145 1741 5.278346e+00 2.067791e+04  1.109004328589734200e-04  1.111713564258405500e-04  1.116836780962365200e-04  1.131194713643838700e-04
146 1753 5.056116e+00 2.111217e+04  1.109004328589734200e-04  1.110676954385268100e-04  1.113480886536515800e-04  1.124066640864195300e-04
147 1765 4.857533e+00 2.150021e+04  1.109004328589734200e-04  1.112786690155107700e-04  1.119929255271017200e-04  1.123806651393496400e-04
148 1777 4.501678e+00 2.184245e+04  1.109004328589734200e-04  1.109974177145203300e-04  1.117655507114687500e-04  1.128535143556170600e-04
149 1789 4.278070e+00 2.201523e+04  1.109004328589734200e-04  1.110820371541637400e-04  1.115716685599548300e-04  1.120539901039226700e-04
150 1801 4.070243e+00 2.251758e+04  1.109004328589734200e-04  1.112838620219992600e-04  1.117933093418814500e-04  1.125215696948567200e-04
151 1813 3.880570e+00 2.285826e+04  1.109004328589734200e-04  1.110966797555950300e-04  1.113975593004745900e-04  1.123223099979449000e-04
152 1825 3.634094e+00 2.335969e+04  1.108876392807571900e-04  1.108876392807571900e-04  1.112815998243914800e-04  1.127113727252703900e-04
153 1837 3.450574e+00 2.391630e+04  1.108876392807571900e-04  1.111009081654095000e-04  1.114810795413055100e-04  1.120902500342125100e-04
154 1849 3.384650e+00 2.415081e+04  1.108876392807571900e-04  1.109413308196500300e-04  1.115245625581138300e-04  1.120636506957434500e-04
155 1861 3.273909e+00 2.445631e+04  1.108866966900817700e-04  1.108866966900817700e-04  1.112264754105559800e-04  1.118569797215013900e-04
156 1873 3.197768e+00 2.520091e+04  1.108833173193026700e-04  1.108833173193026700e-04  1.113134206235434900e-04  1.116739844728543100e-04
157 1885 3.050492e+00 2.604098e+04  1.108833173193026700e-04  1.109945117907383200e-04  1.115174632474937300e-04  1.121507834365738800e-04
158 1897 2.915007e+00 2.659400e+04  1.108833173193026700e-04  1.110531399948864200e-04  1.114068004996458300e-04  1.118002293849259400e-04
159 1909 2.831270e+00 2.688516e+04  1.108833173193026700e-04  1.109374531796098900e-04  1.113532457639241300e-04  1.118968129221586100e-04
160 1921 2.790717e+00 2.722780e+04  1.108833173193026700e-04  1.108961555884154300e-04  1.113884542640001100e-04  1.115912856451786100e-04
161 1933 2.671682e+00 2.741582e+04  1.108833173193026700e-04  1.108892765159933700e-04  1.110316520333700100e-04  1.115642656937459300e-04
162 1945 2.551496e+00 2.802824e+04  1.108833173193026700e-04  1.109074121363849400e-04  1.113460972919602200e-04  1.115947434583167600e-04
163 1957 2.468000e+00 2.862530e+04  1.108833173193026700e-04  1.109171735231076900e-04  1.112863591312717500e-04  1.115280042633126500e-04
164 1969 2.470380e+00 2.912629e+04  1.108833173193026700e-04  1.108894076927420100e-04  1.111960088384641800e-04  1.115281155041165500e-04
165 1981 2.512195e+00 2.963790e+04  1.108781860739259300e-04  1.108781860739259300e-04  1.110578119545063500e-04  1.116246602727027800e-04
166 1993 2.516939e+00 2.980606e+04  1.108781860739259300e-04  1.110122029843923800e-04  1.111988385679664900e-04  1.115002548760867500e-04
167 2005 2.549226e+00 3.056489e+04  1.108781860739259300e-04  1.108836367603741700e-04  1.111288408742049800e-04  1.116117114717348700e-04
168 2017 2.526302e+00 3.157375e+04  1.108653376931844800e-04  1.108653376931844800e-04  1.111390418810100200e-04  1.114107278217776900e-04
169 2029 2.563408e+00 3.216904e+04  1.108653376931844800e-04  1.109195404306833000e-04  1.110960499296319400e-04  1.116198305813348200e-04
170 2041 2.632621e+00 3.298009e+04  1.108442717632946200e-04  1.108442717632946200e-04  1.111603286666436400e-04  1.114689393928917700e-04
171 2053 2.648628e+00 3.395327e+04  1.108442717632946200e-04  1.109202711815875100e-04  1.111820125866822500e-04  1.114759597495868800e-04
172 2065 2.757258e+00 3.480528e+04  1.108442717632946200e-04  1.109348199271433400e-04  1.111938704946585800e-04  1.114038425372424900e-04
173 2077 2.666870e+00 3.540001e+04  1.108442717632946200e-04  1.109093455093052300e-04  1.112035009369857400e-04  1.115053063481165900e-04
174 2089 2.592440e+00 3.607183e+04  1.108442717632946200e-04  1.109364743469416000e-04  1.112261668788901800e-04  1.114699406433865700e-04
175 2101 2.577941e+00 3.699646e+04  1.108442717632946200e-04  1.108716885322207400e-04  1.110403897837943200e-04  1.115874018850524900e-04
176 2113 2.593701e+00 3.750619e+04  1.108442717632946200e-04  1.108926213260062600e-04  1.111646627897494000e-04  1.116764314290501700e-04
177 2125 2.523021e+00 3.831504e+04  1.108442717632946200e-04  1.109951928145441200e-04  1.111810532738287100e-04  1.120306757814115700e-04
178 2137 2.505347e+00 3.922363e+04  1.108442717632946200e-04  1.109366992709130900e-04  1.112099503859002700e-04  1.114593242752417700e-04
179 2149 2.484182e+00 3.972661e+04  1.108442717632946200e-04  1.109209059894900600e-04  1.111660895133947200e-04  1.115086977620431600e-04
180 2161 2.508188e+00 4.072576e+04  1.108442717632946200e-04  1.109223445686836500e-04  1.110219038631444500e-04  1.111591057684164700e-04
181 2173 2.503595e+00 4.134851e+04  1.108442717632946200e-04  1.108742258427665600e-04  1.110608121094223600e-04  1.113809386282660800e-04
182 2185 2.536492e+00 4.256649e+04  1.108442717632946200e-04  1.109339803829956500e-04  1.110549792271479900e-04  1.114490488157384400e-04
183 2197 2.598412e+00 4.300785e+04  1.108301590695355900e-04  1.108301590695355900e-04  1.110581791259502400e-04  1.112953051566725700e-04
184 2209 2.710825e+00 4.377791e+04  1.108301590695355900e-04  1.108648487028863700e-04  1.111323603026628200e-04  1.114168507223163800e-04
185 2221 2.783944e+00 4.412526e+04  1.108301590695355900e-04  1.108842872928569500e-04  1.111577365237135800e-04  1.114260718913685800e-04
186 2233 2.536602e+00 4.478060e+04  1.108301590695355900e-04  1.109086176277123400e-04  1.111219776435364100e-04  1.114914560486301300e-04
187 2245 2.471528e+00 4.607914e+04  1.108301590695355900e-04  1.109542580110040100e-04  1.111113710346394600e-04  1.115123901872047800e-04
188 2257 2.415425e+00 4.718601e+04  1.108301590695355900e-04  1.108991395407284000e-04  1.110143867417671300e-04  1.114952774690586000e-04
189 2269 2.241404e+00 4.781873e+04  1.108301590695355900e-04  1.109409066321799500e-04  1.110729410759105400e-04  1.112465833207507600e-04
190 2281 2.132153e+00 4.817484e+04  1.108301590695355900e-04  1.109766374898971400e-04  1.110415746962965600e-04  1.112387209653848700e-04
191 2293 2.025430e+00 4.900699e+04  1.108301590695355900e-04  1.108795928374102900e-04  1.110433258385511000e-04  1.111462040184753400e-04
192 2305 1.887938e+00 4.991619e+04  1.108301590695355900e-04  1.109214777832629500e-04  1.110281570521225200e-04  1.111289643832241100e-04
193 2317 1.801862e+00 5.077269e+04  1.108301590695355900e-04  1.108362019279796200e-04  1.109762525490049700e-04  1.112716741436606800e-04
194 2329 1.726267e+00 5.206328e+04  1.108301590695355900e-04  1.108809925234698500e-04  1.110119554850376100e-04  1.111443162641974000e-04
195 2341 1.642886e+00 5.409961e+04  1.108301590695355900e-04  1.108639239743622200e-04  1.109589798304642600e-04  1.111410950908238300e-04
196 2353 1.542580e+00 5.493734e+04  1.108301590695355900e-04  1.108716361242162500e-04  1.109672897946946300e-04  1.111697851331218700e-04
197 2365 1.478867e+00 5.625918e+04  1.108301590695355900e-04  1.108794021356605400e-04  1.109700650142716500e-04  1.112052568875187900e-04
198 2377 1.439952e+00 5.729291e+04  1.108301590695355900e-04  1.108604714604219600e-04  1.109116883586945200e-04  1.110336723982816000e-04
199 2389 1.381438e+00 5.853369e+04  1.108301590695355900e-04  1.108528379976402800e-04  1.109137859565550500e-04  1.111631837902043500e-04
200 2401 1.306292e+00 5.945366e+04  1.108301590695355900e-04  1.108771673820187200e-04  1.109274866449977700e-04  1.110982655733964300e-04
201 2413 1.256868e+00 6.031902e+04  1.108301590695355900e-04  1.108652952090624000e-04  1.109422882770282500e-04  1.110739828828390900e-04
202 2425 1.200665e+00 6.058216e+04  1.108301590695355900e-04  1.108747107955328600e-04  1.109846221624698200e-04  1.111294515553998000e-04
203 2437 1.169792e+00 6.195665e+04  1.108301590695355900e-04  1.108461590981402100e-04  1.109241872787807900e-04  1.110434052693465100e-04
204 2449 1.122773e+00 6.274213e+04  1.108301590695355900e-04  1.108448860569359900e-04  1.109372245907810800e-04  1.110025743583468600e-04
205 2461 1.050932e+00 6.329731e+04  1.108301590695355900e-04  1.108394647393124100e-04  1.109342542132597100e-04  1.110372570381552600e-04
206 2473 1.006400e+00 6.435639e+04  1.108301590695355900e-04  1.108530395456073000e-04  1.109113943591211500e-04  1.109786441213758100e-04
207 2485 1.040512e+00 6.523424e+04  1.108301590695355900e-04  1.108560181854176300e-04  1.109141760769360600e-04  1.110258391962727500e-04
208 2497 1.070560e+00 6.632553e+04  1.108301590695355900e-04  1.108408227608645100e-04  1.109059445593323400e-04  1.109947872133411500e-04
209 2509 1.042650e+00 6.721396e+04  1.108301590695355900e-04  1.108499258852249400e-04  1.109234298533444600e-04  1.109589744785439500e-04
210 2521 9.805821e-01 6.843854e+04  1.108301590695355900e-04  1.108550562087144200e-04  1.109204416155294900e-04  1.110608292605587900e-04
211 2533 9.554818e-01 6.873076e+04  1.108301590695355900e-04  1.108549494505381800e-04  1.108884713126175700e-04  1.109240711882189700e-04
212 2545 9.184711e-01 6.921701e+04  1.108301590695355900e-04  1.108602478866855600e-04  1.109014020280083000e-04  1.109394233197847300e-04
213 2557 9.084593e-01 6.993575e+04  1.108301590695355900e-04  1.108374305235245400e-04  1.108887020601579100e-04  1.109879889669616800e-04
214 2569 9.401173e-01 7.104195e+04  1.108301590695355900e-04  1.108571546912735000e-04  1.108837063445891700e-04  1.109282328603306500e-04
215 2581 9.063066e-01 7.191454e+04  1.108301590695355900e-04  1.108400742541996600e-04  1.108893219188011100e-04  1.110038495118424700e-04
216 2593 8.465781e-01 7.219260e+04  1.108301590695355900e-04  1.108393900443870500e-04  1.108735318671780700e-04  1.110010752611317500e-04
217 2605 8.135370e-01 7.321446e+04  1.108301590695355900e-04  1.108580483419485100e-04  1.109045790458481800e-04  1.110128857355937600e-04
218 2617 7.639650e-01 7.413834e+04  1.108301590695355900e-04  1.108370246216594600e-04  1.108574376476069600e-04  1.109866875540499100e-04
219 2629 7.542596e-01 7.613126e+04  1.108301590695355900e-04  1.108309943184131200e-04  1.108801788523242500e-04  1.109439566210521500e-04
220 2641 7.195343e-01 7.674772e+04  1.108301590695355900e-04  1.108460616552734500e-04  1.108766069290844600e-04  1.109109517710938800e-04
221 2653 6.931218e-01 7.817627e+04  1.108301590695355900e-04  1.108405503034732200e-04  1.108792210523540400e-04  1.109159912744524900e-04
222 2665 7.081805e-01 7.848611e+04  1.108301590695355900e-04  1.108469846796690200e-04  1.108703394306673600e-04  1.109185081372514600e-04
223 2677 6.949455e-01 7.932072e+04  1.108301590695355900e-04  1.108405693786328100e-04  1.108696677350212500e-04  1.109295562833931500e-04
224 2689 6.681596e-01 8.042523e+04  1.108301590695355900e-04  1.108327478678891200e-04  1.108730375885030900e-04  1.109273429122864700e-04
225 2701 6.380137e-01 8.226437e+04  1.108301590695355900e-04  1.108328397321661400e-04  1.108639234121754200e-04  1.109266890294906600e-04
226 2713 6.150817e-01 8.353029e+04  1.108301590695355900e-04  1.108388171536998900e-04  1.108685133300389300e-04  1.109143696198636100e-04
227 2725 5.977388e-01 8.554218e+04  1.108301590695355900e-04  1.108400549115737900e-04  1.108606179263058100e-04  1.109118478906477000e-04
228 2737 5.556050e-01 8.677957e+04  1.108301590695355900e-04  1.108362414254569300e-04  1.108545258750191100e-04  1.109167327677007200e-04
229 2749 5.228955e-01 8.714721e+04  1.108298374785537700e-04  1.108298374785537700e-04  1.108649283178784600e-04  1.108983473303930100e-04
230 2761 5.004397e-01 8.842549e+04  1.108274398372329700e-04  1.108274398372329700e-04  1.108474224268465200e-04  1.108777119938107700e-04
231 2773 4.890211e-01 8.930797e+04  1.108274398372329700e-04  1.108411774711952400e-04  1.108656870182706600e-04  1.108960511270050700e-04
232 2785 4.817438e-01 8.922424e+04  1.108274398372329700e-04  1.108324445804560900e-04  1.108641444775752600e-04  1.108809901144718500e-04
233 2797 4.658128e-01 8.995734e+04  1.108274398372329700e-04  1.108397348346006800e-04  1.108502494989901500e-04  1.108650776743153700e-04
234 2809 4.647850e-01 9.196516e+04  1.108274398372329700e-04  1.108347821331506100e-04  1.108526998752670000e-04  1.108728186245109300e-04
235 2821 4.610827e-01 9.646033e+04  1.108274398372329700e-04  1.108366102948721300e-04  1.108595176033515100e-04  1.109090017806147100e-04
236 2833 4.535143e-01 9.845142e+04  1.108274398372329700e-04  1.108367663924194600e-04  1.108558954828789000e-04  1.108867653641029500e-04
237 2845 4.495425e-01 1.016656e+05  1.108274398372329700e-04  1.108352580218139400e-04  1.108541423599530700e-04  1.108748187817826900e-04
238 2857 4.424467e-01 1.039176e+05  1.108274398372329700e-04  1.108282474491868600e-04  1.108480823163769600e-04  1.108685378805837800e-04
239 2869 4.338128e-01 1.045779e+05  1.108274398372329700e-04  1.108361210880995000e-04  1.108442445649008000e-04  1.108802846078681000e-04
240 2881 4.190555e-01 1.058755e+05  1.108274398372329700e-04  1.108390027680935500e-04  1.108446215831608200e-04  1.108651016565253100e-04
241 2893 4.174676e-01 1.079440e+05  1.108274398372329700e-04  1.108377108636543100e-04  1.108489625728314300e-04  1.108617862732426900e-04
242 2905 3.984988e-01 1.100017e+05  1.108274398372329700e-04  1.108369597552549100e-04  1.108418816661007000e-04  1.108690894037064700e-04
243 2917 3.775329e-01 1.107904e+05  1.108274398372329700e-04  1.108302801284205100e-04  1.108452114000298200e-04  1.108784388345254400e-04
244 2929 3.619328e-01 1.114606e+05  1.108274398372329700e-04  1.108312398023845300e-04  1.108402805281678000e-04  1.108858072578039900e-04
245 2941 3.679289e-01 1.121520e+05  1.108274398372329700e-04  1.108394800290453400e-04  1.108470032221795900e-04  1.108671040835332400e-04
246 2953 3.676779e-01 1.145165e+05  1.108274398372329700e-04  1.108341505193235200e-04  1.108575653273661500e-04  1.108835983301505200e-04
247 2965 3.564848e-01 1.159332e+05  1.108274398372329700e-04  1.108345306150848900e-04  1.108410201233405100e-04  1.108610194151513500e-04
248 2977 3.426927e-01 1.191162e+05  1.108274398372329700e-04  1.108336921378227400e-04  1.108421390448583000e-04  1.108624703652554000e-04
249 2989 3.400659e-01 1.198991e+05  1.108274398372329700e-04  1.108357522555747500e-04  1.108440314485113500e-04  1.108568515973210500e-04
250 3001 3.499622e-01 1.203113e+05  1.108274398372329700e-04  1.108330831592627200e-04  1.108429259877355000e-04  1.108641977897274800e-04
251 3013 3.609590e-01 1.225079e+05  1.108274398372329700e-04  1.108288254694567200e-04  1.108413402858470000e-04  1.108657813299810000e-04
252 3025 3.722535e-01 1.214554e+05  1.108274398372329700e-04  1.108299102002614500e-04  1.108439605784498700e-04  1.108578432894876500e-04
253 3037 3.752433e-01 1.235998e+05  1.108274398372329700e-04  1.108322183723619100e-04  1.108425955890791100e-04  1.108558237666025600e-04
254 3049 3.920194e-01 1.247988e+05  1.108274398372329700e-04  1.108311967988597700e-04  1.108350521382162100e-04  1.108689737108851100e-04
255 3061 4.075127e-01 1.278981e+05  1.108274398372329700e-04  1.108284279184200800e-04  1.108440858864674000e-04  1.108741984340514900e-04
256 3073 4.175504e-01 1.289499e+05  1.108274398372329700e-04  1.108323112035727700e-04  1.108378080656366200e-04  1.108578875522745400e-04
257 3085 4.270801e-01 1.293219e+05  1.108274398372329700e-04  1.108302908068889800e-04  1.108379560120140200e-04  1.108569433742722400e-04
258 3097 4.448674e-01 1.317070e+05  1.108274398372329700e-04  1.108331501379035300e-04  1.108456358191984100e-04  1.108848927005405700e-04
259 3109 4.414895e-01 1.344340e+05  1.108274398372329700e-04  1.108307778269795800e-04  1.108438410365944600e-04  1.108544974846285200e-04
260 3121 4.459828e-01 1.395184e+05  1.108274398372329700e-04  1.108375705393383300e-04  1.108504348008031100e-04  1.108642512583133400e-04
261 3133 4.502488e-01 1.430183e+05  1.108274398372329700e-04  1.108288226377999000e-04  1.108482664735465200e-04  1.108627692762521500e-04
262 3145 4.648532e-01 1.459099e+05  1.108274398372329700e-04  1.108281162039040900e-04  1.108425302182006100e-04  1.108550164993016600e-04
263 3157 4.768862e-01 1.477933e+05  1.108274398372329700e-04  1.108305905452212800e-04  1.108435920152487100e-04  1.108769724058308000e-04
264 3169 4.843404e-01 1.483767e+05  1.108274398372329700e-04  1.108312922941023700e-04  1.108436273395257100e-04  1.108865028697670600e-04
265 3181 4.972241e-01 1.533329e+05  1.108274398372329700e-04  1.108289861933239300e-04  1.108384510925139100e-04  1.108814095011876200e-04
266 3193 4.893747e-01 1.557298e+05  1.108274398372329700e-04  1.108313307678082700e-04  1.108426454909798300e-04  1.108775032090531100e-04
267 3205 4.894322e-01 1.591184e+05  1.108274398372329700e-04  1.108282876614958500e-04  1.108414164308078100e-04  1.108576455282511200e-04
268 3217 5.009481e-01 1.616113e+05  1.108274398372329700e-04  1.108324821152680500e-04  1.108394901663188000e-04  1.108602673385432400e-04
269 3229 4.975963e-01 1.638899e+05  1.108274398372329700e-04  1.108306707441132000e-04  1.108382034807334700e-04  1.108815208405790800e-04
270 3241 4.860755e-01 1.674771e+05  1.108274398372329700e-04  1.108329454296359900e-04  1.108457076181723900e-04  1.108634958274118600e-04
271 3253 4.979280e-01 1.705409e+05  1.108274398372329700e-04  1.108336221871619500e-04  1.108396618992790000e-04  1.108526890542922000e-04
272 3265 4.806353e-01 1.730146e+05  1.108274398372329700e-04  1.108278585466436900e-04  1.108444365688624400e-04  1.108604741401855500e-04
273 3277 4.946275e-01 1.777139e+05  1.108274398372329700e-04  1.108323209376684800e-04  1.108396694484182500e-04  1.108802979932632800e-04
274 3289 4.943060e-01 1.801674e+05  1.108274398372329700e-04  1.108335304690006000e-04  1.108408893739297300e-04  1.108555903614483200e-04
275 3301 4.735688e-01 1.822121e+05  1.108274398372329700e-04  1.108332216665307100e-04  1.108447368728447500e-04  1.108592809462862200e-04
276 3313 4.626011e-01 1.846575e+05  1.108274398372329700e-04  1.108306539287583600e-04  1.108411406102148700e-04  1.108772773288841700e-04
277 3325 4.630690e-01 1.878089e+05  1.108274398372329700e-04  1.108364784903825600e-04  1.108441490068180000e-04  1.108693449471794700e-04
278 3337 4.829041e-01 1.915603e+05  1.108274398372329700e-04  1.108300969957480700e-04  1.108415131967960700e-04  1.108670625083924600e-04
279 3349 4.898889e-01 1.932732e+05  1.108274398372329700e-04  1.108312800416297500e-04  1.108417242843301300e-04  1.108706449476234900e-04
280 3361 5.146136e-01 1.971807e+05  1.108274398372329700e-04  1.108295344169641500e-04  1.108417620794482400e-04  1.108655768335122700e-04
281 3373 5.265885e-01 1.976795e+05  1.108274398372329700e-04  1.108311942646388100e-04  1.108403839411317400e-04  1.108585586442747600e-04
282 3385 5.346492e-01 1.987541e+05  1.108274398372329700e-04  1.108307697089984800e-04  1.108476837322325200e-04  1.108621075051967400e-04
283 3397 5.501861e-01 2.005209e+05  1.108274398372329700e-04  1.108295991703917100e-04  1.108405947578558600e-04  1.108552390094555600e-04
284 3409 5.704901e-01 2.006370e+05  1.108274398372329700e-04  1.108299251884451300e-04  1.108406051037265300e-04  1.108619960678485900e-04
285 3421 5.526118e-01 2.016448e+05  1.108274398372329700e-04  1.108276621605078000e-04  1.108385723525679100e-04  1.108690913619300600e-04
286 3433 5.624886e-01 2.036745e+05  1.108269880034380300e-04  1.108269880034380300e-04  1.108420737136513200e-04  1.108720312213874900e-04
287 3445 5.514477e-01 2.050459e+05  1.108269880034380300e-04  1.108314033322042600e-04  1.108379458707536100e-04  1.108635607419562600e-04
288 3457 5.370476e-01 2.102719e+05  1.108269880034380300e-04  1.108387144331967600e-04  1.108432314928021800e-04  1.108573317075044700e-04
289 3469 5.254481e-01 2.106104e+05  1.108269880034380300e-04  1.108329186122212700e-04  1.108428364970039800e-04  1.108959539433921900e-04
290 3481 5.124825e-01 2.127165e+05  1.108269880034380300e-04  1.108282905418958600e-04  1.108385672355850700e-04  1.108565024471501900e-04
291 3493 5.137344e-01 2.135882e+05  1.108269880034380300e-04  1.108297190072378500e-04  1.108374767331909000e-04  1.108537815045049300e-04
292 3505 5.096509e-01 2.163880e+05  1.108269880034380300e-04  1.108290595152630200e-04  1.108351559518242300e-04  1.108614266369212100e-04
293 3517 5.197406e-01 2.151394e+05  1.108269880034380300e-04  1.108293522976450100e-04  1.108354874572574500e-04  1.108484049505514900e-04
294 3529 5.389893e-01 2.166986e+05  1.108269880034380300e-04  1.108275560636993200e-04  1.108342514645240100e-04  1.108479875066406700e-04
295 3541 5.933930e-01 2.206818e+05  1.108269880034380300e-04  1.108349825089473500e-04  1.108429746932508300e-04  1.108564142746286900e-04
296 3553 6.163238e-01 2.225023e+05  1.108269880034380300e-04  1.108279882659502400e-04  1.108402516341772200e-04  1.108548897474518400e-04
297 3565 6.627087e-01 2.250418e+05  1.108269880034380300e-04  1.108298344806899000e-04  1.108360909683849000e-04  1.108644552932000600e-04
298 3577 6.946090e-01 2.235605e+05  1.108269880034380300e-04  1.108298778916172200e-04  1.108370662989855000e-04  1.108640250960782100e-04
299 3589 7.268646e-01 2.237388e+05  1.108248001668317800e-04  1.108248001668317800e-04  1.108355826415579200e-04  1.108491420691125600e-04
300 3601 7.442746e-01 2.240258e+05  1.108248001668317800e-04  1.108266603731507200e-04  1.108385627863660200e-04  1.108576504457739700e-04
301 3613 7.085832e-01 2.274821e+05  1.108248001668317800e-04  1.108330274462801100e-04  1.108431470714996100e-04  1.108598052311330600e-04
302 3625 6.854528e-01 2.305831e+05  1.108248001668317800e-04  1.108280147589612300e-04  1.108355678195407300e-04  1.108689937048455100e-04
303 3637 6.682368e-01 2.317011e+05  1.108248001668317800e-04  1.108277026892539000e-04  1.108358634077045600e-04  1.108422422808580300e-04
304 3649 6.634229e-01 2.365135e+05  1.108248001668317800e-04  1.108303888057920700e-04  1.108440656504435800e-04  1.108620084678341600e-04
305 3661 6.630923e-01 2.404984e+05  1.108248001668317800e-04  1.108306468145129000e-04  1.108364863138609100e-04  1.108727371319982800e-04
306 3673 6.860440e-01 2.468994e+05  1.108248001668317800e-04  1.108272567331681200e-04  1.108449255937528500e-04  1.108732948206171200e-04
307 3685 7.052493e-01 2.521337e+05  1.108248001668317800e-04  1.108304117287667300e-04  1.108439761793510500e-04  1.108725274268867300e-04
308 3697 7.044939e-01 2.528318e+05  1.108248001668317800e-04  1.108273422027500500e-04  1.108332684192234000e-04  1.108472075792409800e-04
309 3709 7.053349e-01 2.527200e+05  1.108248001668317800e-04  1.108254888866380400e-04  1.108350794640388000e-04  1.108595723886572100e-04
310 3721 6.863722e-01 2.545284e+05  1.108248001668317800e-04  1.108248712514584500e-04  1.108394741631028000e-04  1.108727959833232500e-04
311 3733 6.501588e-01 2.548386e+05  1.108248001668317800e-04  1.108270292101702000e-04  1.108380723440459900e-04  1.108465384895497200e-04
312 3745 6.108878e-01 2.583818e+05  1.108248001668317800e-04  1.108251877434660300e-04  1.108345143607883100e-04  1.108541728310924900e-04
313 3757 6.212248e-01 2.619186e+05  1.108248001668317800e-04  1.108266854670059400e-04  1.108323649951194300e-04  1.108467489935691000e-04
314 3769 6.382362e-01 2.676090e+05  1.108248001668317800e-04  1.108279054061922500e-04  1.108362936690144100e-04  1.108573232561483400e-04
315 3781 6.376104e-01 2.766239e+05  1.108248001668317800e-04  1.108294213630295700e-04  1.108344745373891000e-04  1.108401735224907400e-04
316 3793 6.303093e-01 2.826840e+05  1.108248001668317800e-04  1.108263609601107500e-04  1.108329848795180500e-04  1.108466843689101100e-04
317 3805 6.332295e-01 2.838936e+05  1.108236488024273700e-04  1.108236488024273700e-04  1.108301077592104400e-04  1.108509998950273300e-04
318 3817 6.026468e-01 2.868414e+05  1.108236488024273700e-04  1.108240204466593500e-04  1.108324646831625800e-04  1.108443769053059300e-04
319 3829 5.888114e-01 2.876535e+05  1.108236488024273700e-04  1.108249218357132100e-04  1.108346789378900800e-04  1.108507629171402700e-04
320 3841 5.616737e-01 2.910477e+05  1.108236488024273700e-04  1.108236535571507600e-04  1.108288624881330300e-04  1.108485689002081700e-04
321 3853 5.779238e-01 2.924048e+05  1.108236488024273700e-04  1.108241994306343300e-04  1.108309494741281900e-04  1.108430878511975400e-04
322 3865 5.712480e-01 2.984747e+05  1.108236488024273700e-04  1.108259881900471600e-04  1.108358941649569300e-04  1.108627643378933100e-04
323 3877 5.414268e-01 3.010923e+05  1.108236488024273700e-04  1.108262921584982300e-04  1.108344276484919000e-04  1.108472992005701800e-04
324 3889 5.308511e-01 3.021889e+05  1.108236488024273700e-04  1.108245764828606600e-04  1.108305538945465200e-04  1.108533270145761300e-04
325 3901 5.427315e-01 3.057672e+05  1.108219383557285800e-04  1.108219383557285800e-04  1.108302133361193000e-04  1.108431003344168200e-04
326 3913 5.460005e-01 3.067702e+05  1.108219383557285800e-04  1.108239731688925100e-04  1.108300917733274200e-04  1.108386999099109800e-04
327 3925 5.128734e-01 3.105196e+05  1.108219383557285800e-04  1.108263638349294600e-04  1.108293834484414600e-04  1.108476178108794600e-04
328 3937 4.953421e-01 3.140477e+05  1.108219383557285800e-04  1.108232365810543800e-04  1.108287881099691300e-04  1.108421802470324200e-04
329 3949 4.752471e-01 3.164697e+05  1.108219383557285800e-04  1.108234410227509700e-04  1.108290439474074700e-04  1.108339079444559600e-04
330 3961 4.626054e-01 3.214790e+05  1.108219383557285800e-04  1.108227098400331900e-04  1.108261134907391200e-04  1.108423076330413100e-04
331 3973 4.593865e-01 3.291615e+05  1.108219383557285800e-04  1.108254762658977400e-04  1.108304279022624500e-04  1.108402410234031300e-04
332 3985 4.492350e-01 3.356763e+05  1.108219383557285800e-04  1.108235895452479700e-04  1.108313625172565700e-04  1.108350145817083000e-04
333 3997 4.438826e-01 3.438349e+05  1.108219383557285800e-04  1.108233675184356700e-04  1.108261382381186100e-04  1.108407486548497300e-04
334 4009 4.366068e-01 3.464564e+05  1.108219383557285800e-04  1.108227043142797100e-04  1.108278338161561200e-04  1.108320388297015000e-04
335 4021 4.372730e-01 3.523381e+05  1.108219383557285800e-04  1.108219566480715000e-04  1.108258574849432400e-04  1.108392677956751100e-04
336 4033 4.275281e-01 3.570079e+05  1.108218899148270500e-04  1.108218899148270500e-04  1.108265830385430400e-04  1.108312004769356900e-04
337 4045 4.420519e-01 3.594658e+05  1.108218899148270500e-04  1.108229048148020500e-04  1.108277125368746400e-04  1.108313594568635000e-04
338 4057 4.756653e-01 3.648304e+05  1.108218899148270500e-04  1.108232161157407900e-04  1.108288336042419700e-04  1.108357071301485000e-04
339 4069 4.780582e-01 3.734948e+05  1.108218899148270500e-04  1.108255398732563400e-04  1.108297077585938400e-04  1.108368020034055600e-04
340 4081 4.577174e-01 3.790903e+05  1.108218899148270500e-04  1.108223376920928300e-04  1.108260211869177800e-04  1.108343412938255900e-04
341 4093 4.356300e-01 3.819086e+05  1.108218899148270500e-04  1.108231848983412600e-04  1.108271668501182200e-04  1.108360931140740600e-04
342 4105 4.205400e-01 3.894766e+05  1.108215010747637300e-04  1.108215010747637300e-04  1.108251341802938500e-04  1.108296504941737000e-04
343 4117 4.198525e-01 3.974618e+05  1.108213496591300200e-04  1.108213496591300200e-04  1.108237583935463100e-04  1.108348181404782500e-04
344 4129 4.209856e-01 3.983991e+05  1.108213496591300200e-04  1.108219978733628800e-04  1.108241717646058700e-04  1.108305200234039700e-04
345 4141 4.128166e-01 3.974296e+05  1.108213496591300200e-04  1.108243091050188500e-04  1.108268728336794000e-04  1.108340028604407600e-04
346 4153 3.866807e-01 3.979872e+05  1.108213496591300200e-04  1.108219642794165300e-04  1.108243553318962700e-04  1.108264305303641700e-04
347 4165 3.581857e-01 4.027420e+05  1.108213496591300200e-04  1.108221900718208400e-04  1.108265680895941800e-04  1.108319137974587000e-04
348 4177 3.483687e-01 4.108624e+05  1.108210675442188200e-04  1.108210675442188200e-04  1.108244380475890400e-04  1.108305819325262000e-04
349 4189 3.451360e-01 4.182839e+05  1.108210675442188200e-04  1.108219514275479400e-04  1.108253151213826000e-04  1.108279995918563500e-04
350 4201 3.436770e-01 4.288370e+05  1.108210675442188200e-04  1.108213781401310800e-04  1.108242608051031500e-04  1.108343380960484100e-04
351 4213 3.218028e-01 4.309376e+05  1.108210271684567200e-04  1.108210271684567200e-04  1.108244520137215900e-04  1.108297569644301600e-04
352 4225 3.116064e-01 4.382406e+05  1.108210271684567200e-04  1.108214322900815500e-04  1.108247080798663600e-04  1.108301775580449600e-04
353 4237 2.910076e-01 4.414802e+05  1.108210271684567200e-04  1.108219702618274900e-04  1.108229884056589200e-04  1.108270526366219000e-04
354 4249 2.866722e-01 4.436071e+05  1.108210271684567200e-04  1.108215862703197400e-04  1.108233748666976300e-04  1.108272165232151700e-04
355 4261 2.850764e-01 4.461971e+05  1.108210271684567200e-04  1.108211641757089300e-04  1.108232616762670300e-04  1.108271842937305100e-04
356 4273 2.844176e-01 4.537584e+05  1.108210271684567200e-04  1.108225781917685400e-04  1.108235245558269900e-04  1.108289633142164400e-04
357 4285 2.842188e-01 4.622561e+05  1.108210271684567200e-04  1.108218855961443700e-04  1.108237973349077400e-04  1.108263484668006200e-04
358 4297 2.894508e-01 4.643867e+05  1.108209017029132200e-04  1.108209017029132200e-04  1.108237876681135300e-04  1.108312821745124000e-04
359 4309 2.907821e-01 4.650506e+05  1.108209017029132200e-04  1.108209792403410900e-04  1.108230318410975400e-04  1.108300385467874600e-04
360 4321 3.013662e-01 4.685852e+05  1.108209017029132200e-04  1.108209046410136000e-04  1.108234689232814600e-04  1.108295778361080700e-04
361 4333 3.152694e-01 4.743699e+05  1.108209017029132200e-04  1.108211498605480000e-04  1.108225929292640100e-04  1.108250739974579100e-04
362 4345 3.218868e-01 4.768073e+05  1.108209017029132200e-04  1.108210661211621800e-04  1.108226231260204600e-04  1.108288823276633500e-04
363 4357 3.348112e-01 4.876083e+05  1.108206110129765300e-04  1.108206110129765300e-04  1.108223317031695900e-04  1.108305323055846600e-04
364 4369 3.540670e-01 4.988711e+05  1.108197341839345800e-04  1.108197341839345800e-04  1.108240184306215500e-04  1.108299262268260500e-04
365 4381 3.841113e-01 5.047492e+05  1.108197341839345800e-04  1.108213423131881900e-04  1.108224606588195200e-04  1.108243117507499900e-04
366 4393 4.276795e-01 5.087334e+05  1.108197341839345800e-04  1.108203672572991000e-04  1.108239737999101400e-04  1.108335615564135100e-04
367 4405 4.508903e-01 5.165093e+05  1.108197341839345800e-04  1.108203562361716800e-04  1.108243215477148700e-04  1.108304286884074000e-04
368 4417 4.659224e-01 5.241396e+05  1.108197341839345800e-04  1.108206611083279100e-04  1.108239515475455800e-04  1.108273120902719800e-04
369 4429 4.466361e-01 5.305820e+05  1.108197341839345800e-04  1.108207992603950200e-04  1.108232511534277100e-04  1.108263059563444300e-04
370 4441 4.140933e-01 5.325587e+05  1.108197341839345800e-04  1.108209080804715800e-04  1.108236519071236400e-04  1.108281699046925700e-04
371 4453 4.052975e-01 5.447040e+05  1.108197341839345800e-04  1.108205966825854100e-04  1.108221408400525700e-04  1.108270904230667400e-04
372 4465 3.978907e-01 5.491818e+05  1.108197341839345800e-04  1.108199800085422400e-04  1.108213611942155200e-04  1.108273193349366700e-04
373 4477 3.972297e-01 5.579575e+05  1.108197257202318200e-04  1.108197257202318200e-04  1.108239225869012200e-04  1.108288413673766800e-04
374 4489 3.858208e-01 5.649505e+05  1.108197257202318200e-04  1.108203336813646200e-04  1.108217370258337200e-04  1.108256360831142900e-04
375 4501 3.878553e-01 5.713133e+05  1.108197257202318200e-04  1.108204870354499100e-04  1.108216344856001600e-04  1.108242854400752700e-04
376 4513 4.008569e-01 5.784972e+05  1.108197257202318200e-04  1.108202645359115400e-04  1.108222265451463300e-04  1.108288388130396100e-04
377 4525 4.204701e-01 5.870070e+05  1.108197257202318200e-04  1.108199641864774100e-04  1.108222570695892100e-04  1.108262292147647100e-04
378 4537 4.410875e-01 5.888699e+05  1.108195121260309700e-04  1.108195121260309700e-04  1.108220445412042800e-04  1.108250612469321600e-04
379 4549 4.493171e-01 5.957711e+05  1.108195121260309700e-04  1.108203581207668200e-04  1.108221040934935900e-04  1.108267250432306000e-04
380 4561 4.554961e-01 6.143344e+05  1.108193373851587100e-04  1.108193373851587100e-04  1.108218541662921100e-04  1.108295226273278400e-04
381 4573 4.483965e-01 6.250379e+05  1.108193373851587100e-04  1.108209526438190900e-04  1.108229432728724800e-04  1.108286008136513800e-04
382 4585 4.392283e-01 6.326284e+05  1.108193373851587100e-04  1.108194757972664600e-04  1.108223179449241400e-04  1.108286639249143800e-04
383 4597 4.447987e-01 6.360554e+05  1.108193373851587100e-04  1.108206119319433500e-04  1.108221486409492800e-04  1.108267842717912300e-04
384 4609 4.476218e-01 6.461397e+05  1.108193109727158500e-04  1.108193109727158500e-04  1.108239028847578600e-04  1.108333276492398400e-04
385 4621 4.516654e-01 6.636367e+05  1.108193109727158500e-04  1.108211554260925800e-04  1.108229100952987300e-04  1.108286090857835400e-04
386 4633 4.553071e-01 6.713136e+05  1.108193109727158500e-04  1.108203342645629500e-04  1.108231787038126200e-04  1.108284477144259600e-04
387 4645 4.793790e-01 6.844296e+05  1.108193109727158500e-04  1.108206490324094000e-04  1.108225969021366100e-04  1.108315697262780300e-04
388 4657 4.894672e-01 6.846372e+05  1.108193109727158500e-04  1.108209288862652500e-04  1.108232671073868600e-04  1.108297875776522700e-04
389 4669 5.085275e-01 7.014475e+05  1.108193109727158500e-04  1.108207289577758800e-04  1.108235906147813200e-04  1.108311801354596100e-04
390 4681 5.105349e-01 7.163975e+05  1.108193109727158500e-04  1.108218219076332500e-04  1.108232414097491200e-04  1.108276483338000200e-04
391 4693 4.996494e-01 7.244643e+05  1.108193109727158500e-04  1.108202555035435200e-04  1.108247121839606800e-04  1.108274856775178800e-04
392 4705 4.998259e-01 7.382437e+05  1.108193109727158500e-04  1.108201299541497900e-04  1.108224217220546300e-04  1.108264835486386400e-04
393 4717 4.954884e-01 7.488738e+05  1.108193109727158500e-04  1.108209798909674000e-04  1.108250565394404300e-04  1.108285895537168300e-04
394 4729 4.659281e-01 7.501260e+05  1.108193109727158500e-04  1.108212920898613300e-04  1.108239652999204900e-04  1.108255664953252000e-04
395 4741 4.430087e-01 7.623647e+05  1.108193109727158500e-04  1.108205649844546100e-04  1.108241214061029900e-04  1.108288202408995600e-04
396 4753 4.265152e-01 7.590696e+05  1.108193109727158500e-04  1.108209080465286100e-04  1.108223715714687500e-04  1.108264365626216000e-04
397 4765 4.385677e-01 7.812104e+05  1.108193109727158500e-04  1.108198401857720800e-04  1.108220877323159600e-04  1.108255162077035100e-04
398 4777 4.421828e-01 7.936490e+05  1.108193109727158500e-04  1.108197445138551900e-04  1.108217452103216300e-04  1.108258583296196700e-04
399 4789 4.366244e-01 8.167171e+05  1.108193109727158500e-04  1.108201368684696600e-04  1.108223555889836100e-04  1.108269386935728600e-04
400 4801 4.271211e-01 8.433158e+05  1.108193109727158500e-04  1.108211036003537600e-04  1.108227649266385300e-04  1.108274280859357200e-04
401 4813 3.985511e-01 8.478436e+05  1.108193109727158500e-04  1.108199958325739800e-04  1.108213204989690100e-04  1.108253851454358300e-04
402 4825 3.772789e-01 8.635464e+05  1.108193109727158500e-04  1.108199214212200300e-04  1.108217141917658800e-04  1.108242365686738800e-04
403 4837 3.634794e-01 8.565942e+05  1.108193109727158500e-04  1.108202001735688800e-04  1.108214995505170200e-04  1.108245874098387000e-04
404 4849 3.663244e-01 8.668466e+05  1.108192561415803000e-04  1.108192561415803000e-04  1.108219032549249700e-04  1.108234045154538800e-04
405 4861 3.733758e-01 8.812791e+05  1.108192561415803000e-04  1.108194498860706400e-04  1.108211530562490700e-04  1.108231543123944100e-04
406 4873 3.792935e-01 8.863066e+05  1.108192561415803000e-04  1.108196208753700100e-04  1.108205980489639700e-04  1.108224784717128700e-04
407 4885 3.736224e-01 8.879151e+05  1.108191146021199300e-04  1.108191146021199300e-04  1.108215741198743500e-04  1.108251798058453300e-04
408 4897 3.811502e-01 8.881384e+05  1.108191146021199300e-04  1.108196381969318200e-04  1.108213819467815200e-04  1.108241825722072700e-04
409 4909 3.908696e-01 8.972474e+05  1.108191146021199300e-04  1.108198141789885600e-04  1.108211223324697400e-04  1.108244896757604900e-04
410 4921 4.088617e-01 9.244910e+05  1.108191146021199300e-04  1.108201855737585100e-04  1.108217971547353400e-04  1.108232943877065600e-04
411 4933 4.258592e-01 9.278712e+05  1.108191146021199300e-04  1.108200937065049200e-04  1.108209731813197600e-04  1.108225383986688600e-04
412 4945 4.359692e-01 9.504018e+05  1.108191146021199300e-04  1.108196923955870300e-04  1.108211896541012000e-04  1.108246751452934000e-04
413 4957 4.346965e-01 9.584960e+05  1.108191146021199300e-04  1.108201044071078600e-04  1.108218044904312900e-04  1.108244916515596400e-04
414 4969 4.421289e-01 9.729908e+05  1.108191146021199300e-04  1.108203084775550600e-04  1.108218753975439700e-04  1.108240917985691100e-04
415 4981 4.474715e-01 9.858592e+05  1.108191146021199300e-04  1.108200882996141500e-04  1.108211831520898900e-04  1.108251748576908600e-04
416 4993 4.238462e-01 9.956638e+05  1.108191146021199300e-04  1.108192741788975600e-04  1.108214372003622900e-04  1.108248218906574100e-04
417 5005 4.135175e-01 9.954988e+05  1.108191146021199300e-04  1.108193043377747100e-04  1.108208830268560600e-04  1.108234408579179900e-04
418 5017 4.000849e-01 9.990986e+05  1.108191146021199300e-04  1.108193151988908300e-04  1.108211682884670000e-04  1.108239006589422200e-04
419 5029 3.982515e-01 1.000486e+06  1.108191146021199300e-04  1.108194512607451600e-04  1.108207287230469900e-04  1.108224353824235900e-04
420 5041 3.862562e-01 1.011428e+06  1.108191146021199300e-04  1.108195089482820300e-04  1.108202780212829400e-04  1.108233744201303200e-04
421 5053 3.761184e-01 1.028425e+06  1.108191146021199300e-04  1.108194554935175500e-04  1.108215801749109200e-04  1.108273362073318500e-04
422 5065 3.863866e-01 1.036176e+06  1.108191146021199300e-04  1.108195463858837600e-04  1.108209122544758200e-04  1.108249502317941900e-04
423 5077 3.866837e-01 1.036561e+06  1.108191146021199300e-04  1.108200302197824700e-04  1.108213758876053000e-04  1.108232518896442800e-04
424 5089 4.006095e-01 1.043180e+06  1.108191146021199300e-04  1.108194295249620900e-04  1.108202887222753100e-04  1.108243417309035700e-04
425 5101 4.033736e-01 1.045688e+06  1.108190924973722100e-04  1.108190924973722100e-04  1.108203800182345600e-04  1.108229895016209300e-04
426 5113 4.018641e-01 1.072825e+06  1.108190924973722100e-04  1.108197659059705500e-04  1.108214210622124000e-04  1.108238528062130500e-04
427 5125 3.934167e-01 1.092281e+06  1.108190924973722100e-04  1.108191695440099200e-04  1.108210163313834300e-04  1.108244342671379800e-04
428 5137 3.853227e-01 1.108684e+06  1.108190924973722100e-04  1.108192672416954500e-04  1.108209153728556100e-04  1.108229516105144200e-04
429 5149 3.603383e-01 1.111689e+06  1.108190924973722100e-04  1.108196555769121300e-04  1.108204530626175100e-04  1.108214745668670200e-04
430 5161 3.437036e-01 1.131784e+06  1.108190924973722100e-04  1.108196015552265500e-04  1.108206233862044200e-04  1.108234696251262400e-04
431 5173 3.344308e-01 1.162082e+06  1.108190924973722100e-04  1.108195630883196300e-04  1.108210486796265100e-04  1.108229883291407400e-04
432 5185 3.306672e-01 1.175546e+06  1.108190924973722100e-04  1.108194467847910900e-04  1.108206484651521500e-04  1.108215404162791700e-04
433 5197 3.357230e-01 1.191228e+06  1.108190924973722100e-04  1.108191269003620700e-04  1.108203532799274200e-04  1.108217224288024800e-04
434 5209 3.362068e-01 1.197941e+06  1.108188324352724700e-04  1.108188324352724700e-04  1.108202663602486400e-04  1.108217252211119000e-04
435 5221 3.321409e-01 1.192341e+06  1.108188324352724700e-04  1.108193897677115800e-04  1.108202050052389700e-04  1.108220260973489900e-04
436 5233 3.355041e-01 1.177508e+06  1.108188324352724700e-04  1.108189458971650500e-04  1.108202742514755300e-04  1.108220951987290700e-04
437 5245 3.234360e-01 1.187586e+06  1.108188324352724700e-04  1.108195062666468700e-04  1.108205757007598800e-04  1.108228341068427100e-04
438 5257 3.131814e-01 1.206689e+06  1.108188324352724700e-04  1.108193684326697600e-04  1.108203312503090800e-04  1.108217740797759500e-04
439 5269 3.005588e-01 1.218786e+06  1.108188324352724700e-04  1.108191461687339600e-04  1.108203741002416400e-04  1.108216123760266900e-04
440 5281 2.793219e-01 1.223251e+06  1.108188324352724700e-04  1.108194137482350100e-04  1.108199878219483800e-04  1.108206004463576900e-04
441 5293 2.564576e-01 1.234411e+06  1.108188324352724700e-04  1.108191808988210100e-04  1.108198779011266400e-04  1.108207569404737200e-04
442 5305 2.499619e-01 1.255798e+06  1.108188324352724700e-04  1.108191480893813600e-04  1.108198807224082500e-04  1.108211287019167900e-04
443 5317 2.368382e-01 1.261469e+06  1.108188302771807600e-04  1.108188302771807600e-04  1.108197345297765900e-04  1.108207588998799800e-04
444 5329 2.381809e-01 1.287904e+06  1.108185335555122000e-04  1.108185335555122000e-04  1.108200975129490200e-04  1.108207016322898500e-04
445 5341 2.355710e-01 1.312411e+06  1.108185335555122000e-04  1.108193991915705800e-04  1.108197385580928900e-04  1.108207274933578300e-04
446 5353 2.354266e-01 1.328535e+06  1.108185335555122000e-04  1.108192366285251900e-04  1.108200810427839600e-04  1.108217793042203100e-04
447 5365 2.271592e-01 1.349643e+06  1.108185335555122000e-04  1.108190132986866100e-04  1.108199905193136100e-04  1.108207329850427400e-04
448 5377 2.240384e-01 1.365216e+06  1.108185335555122000e-04  1.108191626617795600e-04  1.108198392989040000e-04  1.108207565542024500e-04
449 5389 2.196901e-01 1.393824e+06  1.108185335555122000e-04  1.108189415844692800e-04  1.108197295791896600e-04  1.108210433881658100e-04
450 5401 2.242891e-01 1.422314e+06  1.108185335555122000e-04  1.108188687468208400e-04  1.108195728824884900e-04  1.108203768486247600e-04
451 5413 2.299442e-01 1.438601e+06  1.108185335555122000e-04  1.108189382915660500e-04  1.108194247873209800e-04  1.108205077087126900e-04
452 5425 2.275678e-01 1.466201e+06  1.108185335555122000e-04  1.108188262610388500e-04  1.108196496318341500e-04  1.108207429527293400e-04
453 5437 2.285921e-01 1.479015e+06  1.108185335555122000e-04  1.108189275875314200e-04  1.108193897151106400e-04  1.108199615832248800e-04
454 5449 2.317459e-01 1.487509e+06  1.108185335555122000e-04  1.108190590617381100e-04  1.108197676756432800e-04  1.108217995897677700e-04
455 5461 2.290165e-01 1.496526e+06  1.108185335555122000e-04  1.108187112560961400e-04  1.108195167025623400e-04  1.108201095247273100e-04
456 5473 2.225974e-01 1.492612e+06  1.108185335555122000e-04  1.108188794696534800e-04  1.108191926490829000e-04  1.108200028349570500e-04
457 5485 2.268420e-01 1.499865e+06  1.108185335555122000e-04  1.108187147110647900e-04  1.108191268812357800e-04  1.108212031273124400e-04
458 5497 2.347718e-01 1.543455e+06  1.108185335555122000e-04  1.108189670934072200e-04  1.108194503872093000e-04  1.108205006011957800e-04
459 5509 2.310177e-01 1.548574e+06  1.108185335555122000e-04  1.108188014241182100e-04  1.108193081320810600e-04  1.108198703496007100e-04
460 5521 2.276433e-01 1.630204e+06  1.108185335555122000e-04  1.108187831516715300e-04  1.108194069147229600e-04  1.108201469863075000e-04
461 5533 2.214144e-01 1.635083e+06  1.108185335555122000e-04  1.108188028115972000e-04  1.108191929294540900e-04  1.108195718146267100e-04
462 5545 2.179208e-01 1.649140e+06  1.108185335555122000e-04  1.108188608169743800e-04  1.108192938548120800e-04  1.108201666191049600e-04
463 5557 2.087717e-01 1.653425e+06  1.108185335555122000e-04  1.108186939716976200e-04  1.108192492665727000e-04  1.108205644351114600e-04
464 5569 2.147312e-01 1.690045e+06  1.108184922050748700e-04  1.108184922050748700e-04  1.108189269744369200e-04  1.108200855088297100e-04
465 5581 2.309761e-01 1.735761e+06  1.108184922050748700e-04  1.108187631613724200e-04  1.108191619874996800e-04  1.108194911718036400e-04
466 5593 2.386692e-01 1.746494e+06  1.108184922050748700e-04  1.108188868629975700e-04  1.108192536383312000e-04  1.108204865170977500e-04
467 5605 2.428060e-01 1.754071e+06  1.108184922050748700e-04  1.108188721822824600e-04  1.108192984560667600e-04  1.108200246463428300e-04
468 5617 2.458073e-01 1.774986e+06  1.108182625456991900e-04  1.108182625456991900e-04  1.108189908291508600e-04  1.108196125972349900e-04
469 5629 2.495574e-01 1.796765e+06  1.108182625456991900e-04  1.108184140595114300e-04  1.108189443503886800e-04  1.108195492833829500e-04
470 5641 2.712826e-01 1.825127e+06  1.108182625456991900e-04  1.108184313361750800e-04  1.108190635820665200e-04  1.108198801264015400e-04
471 5653 2.879827e-01 1.832049e+06  1.108182625456991900e-04  1.108185292295200800e-04  1.108191786151248400e-04  1.108208434703782400e-04
472 5665 3.023820e-01 1.820855e+06  1.108182254170190800e-04  1.108182254170190800e-04  1.108187696669295200e-04  1.108195305693715800e-04
473 5677 3.173232e-01 1.830281e+06  1.108182254170190800e-04  1.108183858884019700e-04  1.108191541551609800e-04  1.108203861295878800e-04
474 5689 3.316320e-01 1.844153e+06  1.108182254170190800e-04  1.108186099460596900e-04  1.108193607258848300e-04  1.108203553782704800e-04
475 5701 3.260088e-01 1.857180e+06  1.108180991421713400e-04  1.108180991421713400e-04  1.108189906823951200e-04  1.108214034194035400e-04
476 5713 3.309406e-01 1.874300e+06  1.108180762185021300e-04  1.108180762185021300e-04  1.108189315606937200e-04  1.108201540128442000e-04
477 5725 3.246592e-01 1.880150e+06  1.108180762185021300e-04  1.108184248069078300e-04  1.108190887607113000e-04  1.108199126378535700e-04
478 5737 3.307363e-01 1.908330e+06  1.108180762185021300e-04  1.108184431041556000e-04  1.108187299626724400e-04  1.108199406373099800e-04
479 5749 3.274556e-01 1.965968e+06  1.108180026083554500e-04  1.108180026083554500e-04  1.108188397999838600e-04  1.108197647866413200e-04
480 5761 3.182321e-01 1.985102e+06  1.108180026083554500e-04  1.108181398226003800e-04  1.108187668548585700e-04  1.108201324394893200e-04
481 5773 3.068008e-01 1.988888e+06  1.108180026083554500e-04  1.108183435413187100e-04  1.108186837481264200e-04  1.108195928718591900e-04
482 5785 3.013253e-01 1.997685e+06  1.108180026083554500e-04  1.108183338007469400e-04  1.108187537947151700e-04  1.108194513364825600e-04
483 5797 3.067702e-01 2.016742e+06  1.108180026083554500e-04  1.108181648286821700e-04  1.108187421020777000e-04  1.108206225260786600e-04
484 5809 3.176266e-01 2.064454e+06  1.108180026083554500e-04  1.108180096710732600e-04  1.108184116297009400e-04  1.108197438428554400e-04
485 5821 3.375546e-01 2.129451e+06  1.108180026083554500e-04  1.108181833733823400e-04  1.108183695588312600e-04  1.108190621148873100e-04
486 5833 3.423852e-01 2.172402e+06  1.108180026083554500e-04  1.108183169134949400e-04  1.108189838041501200e-04  1.108202823404319700e-04
487 5845 3.598912e-01 2.163006e+06  1.108180026083554500e-04  1.108181655062876700e-04  1.108190319796913800e-04  1.108203093183244900e-04
488 5857 3.761667e-01 2.205398e+06  1.108180026083554500e-04  1.108180079412237900e-04  1.108188912879845100e-04  1.108201492724630800e-04
489 5869 3.875851e-01 2.223329e+06  1.108180026083554500e-04  1.108181534179965400e-04  1.108190437286134900e-04  1.108216711564586000e-04
490 5881 3.932939e-01 2.262769e+06  1.108177854319087400e-04  1.108177854319087400e-04  1.108185656261125100e-04  1.108195720429921600e-04
491 5893 4.034684e-01 2.308245e+06  1.108177854319087400e-04  1.108180163220258300e-04  1.108185614969101600e-04  1.108193869427357300e-04
492 5905 4.068260e-01 2.323349e+06  1.108177854319087400e-04  1.108178509766073800e-04  1.108183905421784000e-04  1.108199715970774900e-04
493 5917 4.023068e-01 2.369105e+06  1.108177399607794100e-04  1.108177399607794100e-04  1.108186434582993600e-04  1.108198122366547400e-04
494 5929 4.062727e-01 2.442130e+06  1.108177399607794100e-04  1.108177956473941800e-04  1.108184646381049900e-04  1.108198568503154800e-04
495 5941 4.126337e-01 2.487535e+06  1.108177399607794100e-04  1.108177549241289100e-04  1.108181637484385200e-04  1.108208006925101000e-04
496 5953 4.151037e-01 2.497545e+06  1.108174898789651600e-04  1.108174898789651600e-04  1.108183977024998900e-04  1.108209824135125100e-04
497 5965 4.093972e-01 2.508040e+06  1.108174898789651600e-04  1.108176100486104400e-04  1.108184477369172500e-04  1.108193825597918000e-04
498 5977 4.073776e-01 2.513821e+06  1.108174898789651600e-04  1.108179801394487200e-04  1.108187307429105400e-04  1.108201264344917700e-04
499 5989 4.202635e-01 2.611921e+06  1.108168826594234300e-04  1.108168826594234300e-04  1.108185072127364600e-04  1.108207479177040200e-04
500 6001 4.437828e-01 2.678121e+06  1.108168826594234300e-04  1.108174314965080900e-04  1.108182357902228500e-04  1.108201007146020100e-04
501 6013 4.731214e-01 2.725425e+06  1.108168826594234300e-04  1.108172432764778900e-04  1.108181887600496600e-04  1.108196518244266300e-04
502 6025 4.771569e-01 2.722725e+06  1.108168826594234300e-04  1.108176882469803300e-04  1.108186277272912600e-04  1.108193186831128100e-04
503 6037 4.902087e-01 2.791176e+06  1.108168826594234300e-04  1.108170107154498300e-04  1.108181196156896600e-04  1.108197188222454700e-04
504 6049 5.061853e-01 2.838436e+06  1.108168826594234300e-04  1.108169966551612800e-04  1.108174633666732000e-04  1.108194715529597500e-04
505 6061 5.137863e-01 2.878343e+06  1.108168826594234300e-04  1.108172943702884600e-04  1.108183909222793000e-04  1.108195213291820100e-04
506 6073 5.308295e-01 2.869783e+06  1.108167344023304200e-04  1.108167344023304200e-04  1.108182109207567700e-04  1.108194239782720200e-04
507 6085 5.337129e-01 2.894602e+06  1.108167344023304200e-04  1.108169728508876300e-04  1.108183488044768600e-04  1.108200375146584300e-04
508 6097 5.492729e-01 2.927248e+06  1.108167344023304200e-04  1.108169489453470600e-04  1.108180219293389600e-04  1.108202158603610900e-04
509 6109 5.692398e-01 2.957095e+06  1.108167344023304200e-04  1.108170944458430900e-04  1.108179059049988400e-04  1.108197930203211700e-04
510 6121 5.807709e-01 2.973358e+06  1.108167344023304200e-04  1.108168812307268400e-04  1.108179967745034400e-04  1.108192228708493400e-04
511 6133 6.102827e-01 3.079295e+06  1.108165091452612100e-04  1.108165091452612100e-04  1.108178607053658600e-04  1.108192846970974200e-04
512 6145 6.329906e-01 3.094832e+06  1.108165091452612100e-04  1.108168441174448000e-04  1.108183004039957300e-04  1.108228197744921200e-04
513 6157 6.225985e-01 3.153030e+06  1.108165091452612100e-04  1.108171778112740300e-04  1.108181532159309600e-04  1.108194967957013100e-04
514 6169 6.126997e-01 3.201237e+06  1.108165091452612100e-04  1.108174634399264700e-04  1.108187973084067500e-04  1.108231539344307500e-04
515 6181 5.883692e-01 3.156716e+06  1.108165091452612100e-04  1.108172292937767200e-04  1.108186313827032500e-04  1.108207917081244200e-04
516 6193 5.999449e-01 3.162802e+06  1.108165091452612100e-04  1.108174454735222000e-04  1.108187002075435000e-04  1.108194855017736600e-04
517 6205 6.035989e-01 3.188232e+06  1.108161726941613000e-04  1.108161726941613000e-04  1.108172358441305900e-04  1.108202667711780200e-04
518 6217 6.218965e-01 3.241669e+06  1.108161726941613000e-04  1.108162519516654100e-04  1.108174228586471900e-04  1.108193176164952400e-04
519 6229 6.084296e-01 3.264524e+06  1.108160934473731900e-04  1.108160934473731900e-04  1.108170693776052800e-04  1.108228331782999800e-04
520 6241 5.989570e-01 3.262151e+06  1.108160934473731900e-04  1.108161078704481200e-04  1.108175279317988200e-04  1.108208033890537700e-04
521 6253 5.903454e-01 3.248460e+06  1.108160934473731900e-04  1.108162216292082400e-04  1.108172087675708400e-04  1.108194884005181900e-04
522 6265 5.828359e-01 3.250815e+06  1.108160230217477100e-04  1.108160230217477100e-04  1.108172170430974500e-04  1.108184697893462800e-04
523 6277 5.822091e-01 3.328901e+06  1.108158529631720900e-04  1.108158529631720900e-04  1.108168589472616300e-04  1.108175277391217000e-04
524 6289 5.937441e-01 3.375433e+06  1.108158529631720900e-04  1.108159656929077400e-04  1.108175153465466300e-04  1.108188252107128400e-04
525 6301 6.105136e-01 3.436212e+06  1.108156272621710700e-04  1.108156272621710700e-04  1.108177251284949200e-04  1.108185811262461300e-04
526 6313 6.061125e-01 3.445930e+06  1.108156272621710700e-04  1.108156333186967400e-04  1.108176209247397600e-04  1.108206892844330400e-04
527 6325 6.449300e-01 3.417581e+06  1.108156272621710700e-04  1.108158382306514100e-04  1.108167194007658900e-04  1.108197017928069800e-04
528 6337 6.656959e-01 3.434920e+06  1.108151295194689000e-04  1.108151295194689000e-04  1.108169670777054600e-04  1.108189561396999600e-04
529 6349 6.802800e-01 3.487496e+06  1.108151295194689000e-04  1.108156186749244200e-04  1.108181209204638900e-04  1.108212648864942900e-04
530 6361 6.837204e-01 3.532398e+06  1.108151295194689000e-04  1.108158355651858400e-04  1.108181301894037300e-04  1.108231840987552100e-04
531 6373 7.043904e-01 3.480226e+06  1.108151295194689000e-04  1.108151373544130600e-04  1.108172587964799100e-04  1.108223221527085800e-04
532 6385 7.194381e-01 3.483776e+06  1.108151295194689000e-04  1.108152735045302400e-04  1.108160951170649900e-04  1.108188678976280100e-04
533 6397 7.591607e-01 3.523992e+06  1.108148548879548600e-04  1.108148548879548600e-04  1.108164005136761400e-04  1.108204070646277700e-04
534 6409 8.090255e-01 3.589082e+06  1.108148548879548600e-04  1.108149401611705800e-04  1.108168026992466200e-04  1.108186226858948900e-04
535 6421 8.304565e-01 3.662350e+06  1.108148548879548600e-04  1.108151138953404500e-04  1.108174104092158100e-04  1.108212418778740500e-04
